(kicad_pcb (version 20171130) (host pcbnew "(5.1.5)-3")

  (general
    (thickness 1.6)
    (drawings 667)
    (tracks 968)
    (zones 0)
    (modules 72)
    (nets 22)
  )

  (page A4)
  (layers
    (0 F.Cu signal)
    (31 B.Cu signal)
    (32 B.Adhes user)
    (33 F.Adhes user hide)
    (34 B.Paste user)
    (35 F.Paste user)
    (36 B.SilkS user)
    (37 F.SilkS user)
    (38 B.Mask user)
    (39 F.Mask user)
    (40 Dwgs.User user hide)
    (41 Cmts.User user hide)
    (42 Eco1.User user hide)
    (43 Eco2.User user hide)
    (44 Edge.Cuts user)
    (45 Margin user hide)
    (46 B.CrtYd user hide)
    (47 F.CrtYd user hide)
    (48 B.Fab user hide)
    (49 F.Fab user hide)
  )

  (setup
    (last_trace_width 0.25)
    (user_trace_width 0.4)
    (user_trace_width 0.5)
    (user_trace_width 1)
    (user_trace_width 1.1)
    (user_trace_width 1.2)
    (user_trace_width 1.3)
    (user_trace_width 1.4)
    (user_trace_width 1.5)
    (user_trace_width 2)
    (trace_clearance 0.2)
    (zone_clearance 0.508)
    (zone_45_only no)
    (trace_min 0.2)
    (via_size 0.8)
    (via_drill 0.4)
    (via_min_size 0.4)
    (via_min_drill 0.3)
    (user_via 0.6 0.4)
    (user_via 1 0.6)
    (user_via 1.5 0.8)
    (uvia_size 0.3)
    (uvia_drill 0.1)
    (uvias_allowed no)
    (uvia_min_size 0.2)
    (uvia_min_drill 0.1)
    (edge_width 0.05)
    (segment_width 0.2)
    (pcb_text_width 0.3)
    (pcb_text_size 1.5 1.5)
    (mod_edge_width 0.12)
    (mod_text_size 1 1)
    (mod_text_width 0.15)
    (pad_size 1.3 0.7)
    (pad_drill 0)
    (pad_to_mask_clearance 0.051)
    (solder_mask_min_width 0.25)
    (aux_axis_origin 0 0)
    (visible_elements 7FFFFFFF)
    (pcbplotparams
      (layerselection 0x010c0_ffffffff)
      (usegerberextensions false)
      (usegerberattributes false)
      (usegerberadvancedattributes false)
      (creategerberjobfile false)
      (excludeedgelayer true)
      (linewidth 0.100000)
      (plotframeref false)
      (viasonmask false)
      (mode 1)
      (useauxorigin false)
      (hpglpennumber 1)
      (hpglpenspeed 20)
      (hpglpendiameter 15.000000)
      (psnegative false)
      (psa4output false)
      (plotreference true)
      (plotvalue true)
      (plotinvisibletext false)
      (padsonsilk false)
      (subtractmaskfromsilk false)
      (outputformat 1)
      (mirror false)
      (drillshape 0)
      (scaleselection 1)
      (outputdirectory "/home/p_szydlik/Pulpit/Zamówienie PCB/Płytka górna/"))
  )

  (net 0 "")
  (net 1 GND)
  (net 2 +3V3)
  (net 3 CZ_0)
  (net 4 CZ_1)
  (net 5 CZ_2)
  (net 6 CZ_3)
  (net 7 CZ_4)
  (net 8 CZ_5)
  (net 9 CZ_6)
  (net 10 CZ_7)
  (net 11 CZ_8)
  (net 12 CZ_OD)
  (net 13 "Net-(R1-Pad2)")
  (net 14 "Net-(R2-Pad2)")
  (net 15 "Net-(R3-Pad2)")
  (net 16 "Net-(R9-Pad2)")
  (net 17 "Net-(R10-Pad2)")
  (net 18 "Net-(R11-Pad2)")
  (net 19 "Net-(R15-Pad2)")
  (net 20 "Net-(R16-Pad2)")
  (net 21 "Net-(R17-Pad2)")

  (net_class Default "This is the default net class."
    (clearance 0.2)
    (trace_width 0.25)
    (via_dia 0.8)
    (via_drill 0.4)
    (uvia_dia 0.3)
    (uvia_drill 0.1)
    (add_net +3V3)
    (add_net CZ_0)
    (add_net CZ_1)
    (add_net CZ_2)
    (add_net CZ_3)
    (add_net CZ_4)
    (add_net CZ_5)
    (add_net CZ_6)
    (add_net CZ_7)
    (add_net CZ_8)
    (add_net CZ_OD)
    (add_net GND)
    (add_net "Net-(R1-Pad2)")
    (add_net "Net-(R10-Pad2)")
    (add_net "Net-(R11-Pad2)")
    (add_net "Net-(R15-Pad2)")
    (add_net "Net-(R16-Pad2)")
    (add_net "Net-(R17-Pad2)")
    (add_net "Net-(R2-Pad2)")
    (add_net "Net-(R3-Pad2)")
    (add_net "Net-(R9-Pad2)")
  )

  (module Resistor_SMD:R_0603_1608Metric_Pad1.05x0.95mm_HandSolder (layer F.Cu) (tedit 5B301BBD) (tstamp 5E41D3E1)
    (at 141.075 142.81 180)
    (descr "Resistor SMD 0603 (1608 Metric), square (rectangular) end terminal, IPC_7351 nominal with elongated pad for handsoldering. (Body size source: http://www.tortai-tech.com/upload/download/2011102023233369053.pdf), generated with kicad-footprint-generator")
    (tags "resistor handsolder")
    (path /5CE494DD)
    (attr smd)
    (fp_text reference R8 (at 0 -1.43 180) (layer F.SilkS)
      (effects (font (size 1 1) (thickness 0.15)))
    )
    (fp_text value 330 (at 0 1.43 180) (layer F.Fab)
      (effects (font (size 1 1) (thickness 0.15)))
    )
    (fp_line (start -0.8 0.4) (end -0.8 -0.4) (layer F.Fab) (width 0.1))
    (fp_line (start -0.8 -0.4) (end 0.8 -0.4) (layer F.Fab) (width 0.1))
    (fp_line (start 0.8 -0.4) (end 0.8 0.4) (layer F.Fab) (width 0.1))
    (fp_line (start 0.8 0.4) (end -0.8 0.4) (layer F.Fab) (width 0.1))
    (fp_line (start -0.171267 -0.51) (end 0.171267 -0.51) (layer F.SilkS) (width 0.12))
    (fp_line (start -0.171267 0.51) (end 0.171267 0.51) (layer F.SilkS) (width 0.12))
    (fp_line (start -1.65 0.73) (end -1.65 -0.73) (layer F.CrtYd) (width 0.05))
    (fp_line (start -1.65 -0.73) (end 1.65 -0.73) (layer F.CrtYd) (width 0.05))
    (fp_line (start 1.65 -0.73) (end 1.65 0.73) (layer F.CrtYd) (width 0.05))
    (fp_line (start 1.65 0.73) (end -1.65 0.73) (layer F.CrtYd) (width 0.05))
    (fp_text user %R (at 0 0 180) (layer F.Fab)
      (effects (font (size 0.4 0.4) (thickness 0.06)))
    )
    (pad 1 smd roundrect (at -0.875 0 180) (size 1.05 0.95) (layers F.Cu F.Paste F.Mask) (roundrect_rratio 0.25))
    (pad 2 smd roundrect (at 0.875 0 180) (size 1.05 0.95) (layers F.Cu F.Paste F.Mask) (roundrect_rratio 0.25))
    (model ${KISYS3DMOD}/Resistor_SMD.3dshapes/R_0603_1608Metric.wrl
      (at (xyz 0 0 0))
      (scale (xyz 1 1 1))
      (rotate (xyz 0 0 0))
    )
  )

  (module Resistor_SMD:R_0603_1608Metric_Pad1.05x0.95mm_HandSolder (layer B.Cu) (tedit 5B301BBD) (tstamp 5E41D3D1)
    (at 155.6 138.285 90)
    (descr "Resistor SMD 0603 (1608 Metric), square (rectangular) end terminal, IPC_7351 nominal with elongated pad for handsoldering. (Body size source: http://www.tortai-tech.com/upload/download/2011102023233369053.pdf), generated with kicad-footprint-generator")
    (tags "resistor handsolder")
    (path /5CAE1F21)
    (attr smd)
    (fp_text reference R7 (at 0 1.43 90) (layer B.SilkS)
      (effects (font (size 1 1) (thickness 0.15)) (justify mirror))
    )
    (fp_text value 1.5k (at 0 -1.43 90) (layer B.Fab)
      (effects (font (size 1 1) (thickness 0.15)) (justify mirror))
    )
    (fp_text user %R (at 0 0 90) (layer B.Fab)
      (effects (font (size 0.4 0.4) (thickness 0.06)) (justify mirror))
    )
    (fp_line (start 1.65 -0.73) (end -1.65 -0.73) (layer B.CrtYd) (width 0.05))
    (fp_line (start 1.65 0.73) (end 1.65 -0.73) (layer B.CrtYd) (width 0.05))
    (fp_line (start -1.65 0.73) (end 1.65 0.73) (layer B.CrtYd) (width 0.05))
    (fp_line (start -1.65 -0.73) (end -1.65 0.73) (layer B.CrtYd) (width 0.05))
    (fp_line (start -0.171267 -0.51) (end 0.171267 -0.51) (layer B.SilkS) (width 0.12))
    (fp_line (start -0.171267 0.51) (end 0.171267 0.51) (layer B.SilkS) (width 0.12))
    (fp_line (start 0.8 -0.4) (end -0.8 -0.4) (layer B.Fab) (width 0.1))
    (fp_line (start 0.8 0.4) (end 0.8 -0.4) (layer B.Fab) (width 0.1))
    (fp_line (start -0.8 0.4) (end 0.8 0.4) (layer B.Fab) (width 0.1))
    (fp_line (start -0.8 -0.4) (end -0.8 0.4) (layer B.Fab) (width 0.1))
    (pad 2 smd roundrect (at 0.875 0 90) (size 1.05 0.95) (layers B.Cu B.Paste B.Mask) (roundrect_rratio 0.25))
    (pad 1 smd roundrect (at -0.875 0 90) (size 1.05 0.95) (layers B.Cu B.Paste B.Mask) (roundrect_rratio 0.25))
    (model ${KISYS3DMOD}/Resistor_SMD.3dshapes/R_0603_1608Metric.wrl
      (at (xyz 0 0 0))
      (scale (xyz 1 1 1))
      (rotate (xyz 0 0 0))
    )
  )

  (module Resistor_SMD:R_0603_1608Metric_Pad1.05x0.95mm_HandSolder (layer F.Cu) (tedit 5B301BBD) (tstamp 5E41D363)
    (at 109.525 115.71)
    (descr "Resistor SMD 0603 (1608 Metric), square (rectangular) end terminal, IPC_7351 nominal with elongated pad for handsoldering. (Body size source: http://www.tortai-tech.com/upload/download/2011102023233369053.pdf), generated with kicad-footprint-generator")
    (tags "resistor handsolder")
    (path /5CB6D208)
    (attr smd)
    (fp_text reference R25 (at 0 -1.43) (layer F.SilkS)
      (effects (font (size 1 1) (thickness 0.15)))
    )
    (fp_text value 330 (at 0 1.43) (layer F.Fab)
      (effects (font (size 1 1) (thickness 0.15)))
    )
    (fp_text user %R (at 0 0) (layer F.Fab)
      (effects (font (size 0.4 0.4) (thickness 0.06)))
    )
    (fp_line (start 1.65 0.73) (end -1.65 0.73) (layer F.CrtYd) (width 0.05))
    (fp_line (start 1.65 -0.73) (end 1.65 0.73) (layer F.CrtYd) (width 0.05))
    (fp_line (start -1.65 -0.73) (end 1.65 -0.73) (layer F.CrtYd) (width 0.05))
    (fp_line (start -1.65 0.73) (end -1.65 -0.73) (layer F.CrtYd) (width 0.05))
    (fp_line (start -0.171267 0.51) (end 0.171267 0.51) (layer F.SilkS) (width 0.12))
    (fp_line (start -0.171267 -0.51) (end 0.171267 -0.51) (layer F.SilkS) (width 0.12))
    (fp_line (start 0.8 0.4) (end -0.8 0.4) (layer F.Fab) (width 0.1))
    (fp_line (start 0.8 -0.4) (end 0.8 0.4) (layer F.Fab) (width 0.1))
    (fp_line (start -0.8 -0.4) (end 0.8 -0.4) (layer F.Fab) (width 0.1))
    (fp_line (start -0.8 0.4) (end -0.8 -0.4) (layer F.Fab) (width 0.1))
    (pad 2 smd roundrect (at 0.875 0) (size 1.05 0.95) (layers F.Cu F.Paste F.Mask) (roundrect_rratio 0.25))
    (pad 1 smd roundrect (at -0.875 0) (size 1.05 0.95) (layers F.Cu F.Paste F.Mask) (roundrect_rratio 0.25))
    (model ${KISYS3DMOD}/Resistor_SMD.3dshapes/R_0603_1608Metric.wrl
      (at (xyz 0 0 0))
      (scale (xyz 1 1 1))
      (rotate (xyz 0 0 0))
    )
  )

  (module Resistor_SMD:R_0603_1608Metric_Pad1.05x0.95mm_HandSolder (layer F.Cu) (tedit 5B301BBD) (tstamp 5E41D353)
    (at 183.625 107.51 180)
    (descr "Resistor SMD 0603 (1608 Metric), square (rectangular) end terminal, IPC_7351 nominal with elongated pad for handsoldering. (Body size source: http://www.tortai-tech.com/upload/download/2011102023233369053.pdf), generated with kicad-footprint-generator")
    (tags "resistor handsolder")
    (path /5CCF407C)
    (attr smd)
    (fp_text reference R22 (at 0 -1.43 180) (layer F.SilkS)
      (effects (font (size 1 1) (thickness 0.15)))
    )
    (fp_text value 220 (at 0 1.43 180) (layer F.Fab)
      (effects (font (size 1 1) (thickness 0.15)))
    )
    (fp_text user %R (at 0 0 180) (layer F.Fab)
      (effects (font (size 0.4 0.4) (thickness 0.06)))
    )
    (fp_line (start 1.65 0.73) (end -1.65 0.73) (layer F.CrtYd) (width 0.05))
    (fp_line (start 1.65 -0.73) (end 1.65 0.73) (layer F.CrtYd) (width 0.05))
    (fp_line (start -1.65 -0.73) (end 1.65 -0.73) (layer F.CrtYd) (width 0.05))
    (fp_line (start -1.65 0.73) (end -1.65 -0.73) (layer F.CrtYd) (width 0.05))
    (fp_line (start -0.171267 0.51) (end 0.171267 0.51) (layer F.SilkS) (width 0.12))
    (fp_line (start -0.171267 -0.51) (end 0.171267 -0.51) (layer F.SilkS) (width 0.12))
    (fp_line (start 0.8 0.4) (end -0.8 0.4) (layer F.Fab) (width 0.1))
    (fp_line (start 0.8 -0.4) (end 0.8 0.4) (layer F.Fab) (width 0.1))
    (fp_line (start -0.8 -0.4) (end 0.8 -0.4) (layer F.Fab) (width 0.1))
    (fp_line (start -0.8 0.4) (end -0.8 -0.4) (layer F.Fab) (width 0.1))
    (pad 2 smd roundrect (at 0.875 0 180) (size 1.05 0.95) (layers F.Cu F.Paste F.Mask) (roundrect_rratio 0.25))
    (pad 1 smd roundrect (at -0.875 0 180) (size 1.05 0.95) (layers F.Cu F.Paste F.Mask) (roundrect_rratio 0.25))
    (model ${KISYS3DMOD}/Resistor_SMD.3dshapes/R_0603_1608Metric.wrl
      (at (xyz 0 0 0))
      (scale (xyz 1 1 1))
      (rotate (xyz 0 0 0))
    )
  )

  (module Button_Switch_SMD:SW_SPST_REED_CT05-XXXX-G1 (layer F.Cu) (tedit 5A02FC95) (tstamp 5E41D343)
    (at 180.32 111.41)
    (descr "Coto Technologies SPST Reed Switch CT05-XXXX-G1")
    (tags "Coto Reed SPST Switch")
    (path /5CCF5557)
    (attr smd)
    (fp_text reference SW2 (at 0 2.75) (layer F.SilkS)
      (effects (font (size 1 1) (thickness 0.15)))
    )
    (fp_text value SWITCH (at -0.05 -2.7) (layer F.Fab)
      (effects (font (size 1 1) (thickness 0.15)))
    )
    (fp_line (start -3.25 -1.3) (end 3.25 -1.3) (layer F.SilkS) (width 0.12))
    (fp_line (start 3.25 1.3) (end -3.25 1.3) (layer F.SilkS) (width 0.12))
    (fp_line (start 5.8 2) (end -5.8 2) (layer F.CrtYd) (width 0.05))
    (fp_line (start 5.8 -2) (end 5.8 2) (layer F.CrtYd) (width 0.05))
    (fp_line (start -5.8 -2) (end 5.8 -2) (layer F.CrtYd) (width 0.05))
    (fp_line (start -5.8 2) (end -5.8 -2) (layer F.CrtYd) (width 0.05))
    (fp_line (start 3.2 -1.15) (end -3.2 -1.15) (layer F.Fab) (width 0.1))
    (fp_line (start 3.2 1.15) (end 3.2 -1.15) (layer F.Fab) (width 0.1))
    (fp_line (start -3.2 1.15) (end 3.2 1.15) (layer F.Fab) (width 0.1))
    (fp_line (start -3.2 -1.15) (end -3.2 1.15) (layer F.Fab) (width 0.1))
    (fp_text user %R (at 0 2.75) (layer F.Fab)
      (effects (font (size 1 1) (thickness 0.15)))
    )
    (pad 1 smd rect (at -4.28 0) (size 2.5 2) (layers F.Cu F.Paste F.Mask))
    (pad 2 smd rect (at 4.28 0) (size 2.5 2) (layers F.Cu F.Paste F.Mask))
    (model ${KISYS3DMOD}/Button_Switch_SMD.3dshapes/SW_SPST_REED_CT05-XXXX-G1.wrl
      (at (xyz 0 0 0))
      (scale (xyz 1 1 1))
      (rotate (xyz 0 0 0))
    )
  )

  (module Resistor_SMD:R_0603_1608Metric_Pad1.05x0.95mm_HandSolder (layer F.Cu) (tedit 5B301BBD) (tstamp 5E41D333)
    (at 173.1 112.335 270)
    (descr "Resistor SMD 0603 (1608 Metric), square (rectangular) end terminal, IPC_7351 nominal with elongated pad for handsoldering. (Body size source: http://www.tortai-tech.com/upload/download/2011102023233369053.pdf), generated with kicad-footprint-generator")
    (tags "resistor handsolder")
    (path /5CCE86F8)
    (attr smd)
    (fp_text reference R21 (at 0 -1.43 270) (layer F.SilkS)
      (effects (font (size 1 1) (thickness 0.15)))
    )
    (fp_text value 4k7 (at 0 1.43 270) (layer F.Fab)
      (effects (font (size 1 1) (thickness 0.15)))
    )
    (fp_text user %R (at 0 0 270) (layer F.Fab)
      (effects (font (size 0.4 0.4) (thickness 0.06)))
    )
    (fp_line (start 1.65 0.73) (end -1.65 0.73) (layer F.CrtYd) (width 0.05))
    (fp_line (start 1.65 -0.73) (end 1.65 0.73) (layer F.CrtYd) (width 0.05))
    (fp_line (start -1.65 -0.73) (end 1.65 -0.73) (layer F.CrtYd) (width 0.05))
    (fp_line (start -1.65 0.73) (end -1.65 -0.73) (layer F.CrtYd) (width 0.05))
    (fp_line (start -0.171267 0.51) (end 0.171267 0.51) (layer F.SilkS) (width 0.12))
    (fp_line (start -0.171267 -0.51) (end 0.171267 -0.51) (layer F.SilkS) (width 0.12))
    (fp_line (start 0.8 0.4) (end -0.8 0.4) (layer F.Fab) (width 0.1))
    (fp_line (start 0.8 -0.4) (end 0.8 0.4) (layer F.Fab) (width 0.1))
    (fp_line (start -0.8 -0.4) (end 0.8 -0.4) (layer F.Fab) (width 0.1))
    (fp_line (start -0.8 0.4) (end -0.8 -0.4) (layer F.Fab) (width 0.1))
    (pad 2 smd roundrect (at 0.875 0 270) (size 1.05 0.95) (layers F.Cu F.Paste F.Mask) (roundrect_rratio 0.25))
    (pad 1 smd roundrect (at -0.875 0 270) (size 1.05 0.95) (layers F.Cu F.Paste F.Mask) (roundrect_rratio 0.25))
    (model ${KISYS3DMOD}/Resistor_SMD.3dshapes/R_0603_1608Metric.wrl
      (at (xyz 0 0 0))
      (scale (xyz 1 1 1))
      (rotate (xyz 0 0 0))
    )
  )

  (module Resistor_SMD:R_0603_1608Metric_Pad1.05x0.95mm_HandSolder (layer B.Cu) (tedit 5B301BBD) (tstamp 5E41D323)
    (at 164.7 136.71 180)
    (descr "Resistor SMD 0603 (1608 Metric), square (rectangular) end terminal, IPC_7351 nominal with elongated pad for handsoldering. (Body size source: http://www.tortai-tech.com/upload/download/2011102023233369053.pdf), generated with kicad-footprint-generator")
    (tags "resistor handsolder")
    (path /5D46761F)
    (attr smd)
    (fp_text reference R28 (at 0 1.43 180) (layer B.SilkS)
      (effects (font (size 1 1) (thickness 0.15)) (justify mirror))
    )
    (fp_text value 47k (at 0 -1.43 180) (layer B.Fab)
      (effects (font (size 1 1) (thickness 0.15)) (justify mirror))
    )
    (fp_line (start -0.8 -0.4) (end -0.8 0.4) (layer B.Fab) (width 0.1))
    (fp_line (start -0.8 0.4) (end 0.8 0.4) (layer B.Fab) (width 0.1))
    (fp_line (start 0.8 0.4) (end 0.8 -0.4) (layer B.Fab) (width 0.1))
    (fp_line (start 0.8 -0.4) (end -0.8 -0.4) (layer B.Fab) (width 0.1))
    (fp_line (start -0.171267 0.51) (end 0.171267 0.51) (layer B.SilkS) (width 0.12))
    (fp_line (start -0.171267 -0.51) (end 0.171267 -0.51) (layer B.SilkS) (width 0.12))
    (fp_line (start -1.65 -0.73) (end -1.65 0.73) (layer B.CrtYd) (width 0.05))
    (fp_line (start -1.65 0.73) (end 1.65 0.73) (layer B.CrtYd) (width 0.05))
    (fp_line (start 1.65 0.73) (end 1.65 -0.73) (layer B.CrtYd) (width 0.05))
    (fp_line (start 1.65 -0.73) (end -1.65 -0.73) (layer B.CrtYd) (width 0.05))
    (fp_text user %R (at 0 0 180) (layer B.Fab)
      (effects (font (size 0.4 0.4) (thickness 0.06)) (justify mirror))
    )
    (pad 1 smd roundrect (at -0.875 0 180) (size 1.05 0.95) (layers B.Cu B.Paste B.Mask) (roundrect_rratio 0.25))
    (pad 2 smd roundrect (at 0.875 0 180) (size 1.05 0.95) (layers B.Cu B.Paste B.Mask) (roundrect_rratio 0.25))
    (model ${KISYS3DMOD}/Resistor_SMD.3dshapes/R_0603_1608Metric.wrl
      (at (xyz 0 0 0))
      (scale (xyz 1 1 1))
      (rotate (xyz 0 0 0))
    )
  )

  (module Resistor_SMD:R_0603_1608Metric_Pad1.05x0.95mm_HandSolder (layer B.Cu) (tedit 5B301BBD) (tstamp 5E41D313)
    (at 162.4 120.11 90)
    (descr "Resistor SMD 0603 (1608 Metric), square (rectangular) end terminal, IPC_7351 nominal with elongated pad for handsoldering. (Body size source: http://www.tortai-tech.com/upload/download/2011102023233369053.pdf), generated with kicad-footprint-generator")
    (tags "resistor handsolder")
    (path /5CB28D6D)
    (attr smd)
    (fp_text reference R23 (at 0 1.43 90) (layer B.SilkS)
      (effects (font (size 1 1) (thickness 0.15)) (justify mirror))
    )
    (fp_text value 100k (at 0 -1.43 90) (layer B.Fab)
      (effects (font (size 1 1) (thickness 0.15)) (justify mirror))
    )
    (fp_line (start -0.8 -0.4) (end -0.8 0.4) (layer B.Fab) (width 0.1))
    (fp_line (start -0.8 0.4) (end 0.8 0.4) (layer B.Fab) (width 0.1))
    (fp_line (start 0.8 0.4) (end 0.8 -0.4) (layer B.Fab) (width 0.1))
    (fp_line (start 0.8 -0.4) (end -0.8 -0.4) (layer B.Fab) (width 0.1))
    (fp_line (start -0.171267 0.51) (end 0.171267 0.51) (layer B.SilkS) (width 0.12))
    (fp_line (start -0.171267 -0.51) (end 0.171267 -0.51) (layer B.SilkS) (width 0.12))
    (fp_line (start -1.65 -0.73) (end -1.65 0.73) (layer B.CrtYd) (width 0.05))
    (fp_line (start -1.65 0.73) (end 1.65 0.73) (layer B.CrtYd) (width 0.05))
    (fp_line (start 1.65 0.73) (end 1.65 -0.73) (layer B.CrtYd) (width 0.05))
    (fp_line (start 1.65 -0.73) (end -1.65 -0.73) (layer B.CrtYd) (width 0.05))
    (fp_text user %R (at 0 0 90) (layer B.Fab)
      (effects (font (size 0.4 0.4) (thickness 0.06)) (justify mirror))
    )
    (pad 1 smd roundrect (at -0.875 0 90) (size 1.05 0.95) (layers B.Cu B.Paste B.Mask) (roundrect_rratio 0.25))
    (pad 2 smd roundrect (at 0.875 0 90) (size 1.05 0.95) (layers B.Cu B.Paste B.Mask) (roundrect_rratio 0.25))
    (model ${KISYS3DMOD}/Resistor_SMD.3dshapes/R_0603_1608Metric.wrl
      (at (xyz 0 0 0))
      (scale (xyz 1 1 1))
      (rotate (xyz 0 0 0))
    )
  )

  (module Resistor_SMD:R_0603_1608Metric_Pad1.05x0.95mm_HandSolder (layer F.Cu) (tedit 5B301BBD) (tstamp 5E41D303)
    (at 109.325 112.01)
    (descr "Resistor SMD 0603 (1608 Metric), square (rectangular) end terminal, IPC_7351 nominal with elongated pad for handsoldering. (Body size source: http://www.tortai-tech.com/upload/download/2011102023233369053.pdf), generated with kicad-footprint-generator")
    (tags "resistor handsolder")
    (path /5CB5D1A8)
    (attr smd)
    (fp_text reference R24 (at 0 -1.43) (layer F.SilkS)
      (effects (font (size 1 1) (thickness 0.15)))
    )
    (fp_text value 330 (at 0 1.43) (layer F.Fab)
      (effects (font (size 1 1) (thickness 0.15)))
    )
    (fp_line (start -0.8 0.4) (end -0.8 -0.4) (layer F.Fab) (width 0.1))
    (fp_line (start -0.8 -0.4) (end 0.8 -0.4) (layer F.Fab) (width 0.1))
    (fp_line (start 0.8 -0.4) (end 0.8 0.4) (layer F.Fab) (width 0.1))
    (fp_line (start 0.8 0.4) (end -0.8 0.4) (layer F.Fab) (width 0.1))
    (fp_line (start -0.171267 -0.51) (end 0.171267 -0.51) (layer F.SilkS) (width 0.12))
    (fp_line (start -0.171267 0.51) (end 0.171267 0.51) (layer F.SilkS) (width 0.12))
    (fp_line (start -1.65 0.73) (end -1.65 -0.73) (layer F.CrtYd) (width 0.05))
    (fp_line (start -1.65 -0.73) (end 1.65 -0.73) (layer F.CrtYd) (width 0.05))
    (fp_line (start 1.65 -0.73) (end 1.65 0.73) (layer F.CrtYd) (width 0.05))
    (fp_line (start 1.65 0.73) (end -1.65 0.73) (layer F.CrtYd) (width 0.05))
    (fp_text user %R (at 0 0) (layer F.Fab)
      (effects (font (size 0.4 0.4) (thickness 0.06)))
    )
    (pad 1 smd roundrect (at -0.875 0) (size 1.05 0.95) (layers F.Cu F.Paste F.Mask) (roundrect_rratio 0.25))
    (pad 2 smd roundrect (at 0.875 0) (size 1.05 0.95) (layers F.Cu F.Paste F.Mask) (roundrect_rratio 0.25))
    (model ${KISYS3DMOD}/Resistor_SMD.3dshapes/R_0603_1608Metric.wrl
      (at (xyz 0 0 0))
      (scale (xyz 1 1 1))
      (rotate (xyz 0 0 0))
    )
  )

  (module Connector_PinSocket_2.54mm:PinSocket_1x03_P2.54mm_Vertical (layer F.Cu) (tedit 5A19A429) (tstamp 5E41D2ED)
    (at 157.4 144.01 90)
    (descr "Through hole straight socket strip, 1x03, 2.54mm pitch, single row (from Kicad 4.0.7), script generated")
    (tags "Through hole socket strip THT 1x03 2.54mm single row")
    (path /5CB5441C)
    (fp_text reference SW1 (at 0 -2.77 90) (layer F.SilkS)
      (effects (font (size 1 1) (thickness 0.15)))
    )
    (fp_text value ON/OFF (at 0 7.85 90) (layer F.Fab)
      (effects (font (size 1 1) (thickness 0.15)))
    )
    (fp_text user %R (at 0 2.54 -180) (layer F.Fab)
      (effects (font (size 1 1) (thickness 0.15)))
    )
    (fp_line (start -1.8 6.85) (end -1.8 -1.8) (layer F.CrtYd) (width 0.05))
    (fp_line (start 1.75 6.85) (end -1.8 6.85) (layer F.CrtYd) (width 0.05))
    (fp_line (start 1.75 -1.8) (end 1.75 6.85) (layer F.CrtYd) (width 0.05))
    (fp_line (start -1.8 -1.8) (end 1.75 -1.8) (layer F.CrtYd) (width 0.05))
    (fp_line (start 0 -1.33) (end 1.33 -1.33) (layer F.SilkS) (width 0.12))
    (fp_line (start 1.33 -1.33) (end 1.33 0) (layer F.SilkS) (width 0.12))
    (fp_line (start 1.33 1.27) (end 1.33 6.41) (layer F.SilkS) (width 0.12))
    (fp_line (start -1.33 6.41) (end 1.33 6.41) (layer F.SilkS) (width 0.12))
    (fp_line (start -1.33 1.27) (end -1.33 6.41) (layer F.SilkS) (width 0.12))
    (fp_line (start -1.33 1.27) (end 1.33 1.27) (layer F.SilkS) (width 0.12))
    (fp_line (start -1.27 6.35) (end -1.27 -1.27) (layer F.Fab) (width 0.1))
    (fp_line (start 1.27 6.35) (end -1.27 6.35) (layer F.Fab) (width 0.1))
    (fp_line (start 1.27 -0.635) (end 1.27 6.35) (layer F.Fab) (width 0.1))
    (fp_line (start 0.635 -1.27) (end 1.27 -0.635) (layer F.Fab) (width 0.1))
    (fp_line (start -1.27 -1.27) (end 0.635 -1.27) (layer F.Fab) (width 0.1))
    (pad 3 thru_hole oval (at 0 5.08 90) (size 1.7 1.7) (drill 1) (layers *.Cu *.Mask))
    (pad 2 thru_hole oval (at 0 2.54 90) (size 1.7 1.7) (drill 1) (layers *.Cu *.Mask))
    (pad 1 thru_hole rect (at 0 0 90) (size 1.7 1.7) (drill 1) (layers *.Cu *.Mask))
    (model ${KISYS3DMOD}/Connector_PinSocket_2.54mm.3dshapes/PinSocket_1x03_P2.54mm_Vertical.wrl
      (at (xyz 0 0 0))
      (scale (xyz 1 1 1))
      (rotate (xyz 0 0 0))
    )
  )

  (module Resistor_SMD:R_0603_1608Metric_Pad1.05x0.95mm_HandSolder (layer F.Cu) (tedit 5B301BBD) (tstamp 5E41D2DD)
    (at 109.325 108.31)
    (descr "Resistor SMD 0603 (1608 Metric), square (rectangular) end terminal, IPC_7351 nominal with elongated pad for handsoldering. (Body size source: http://www.tortai-tech.com/upload/download/2011102023233369053.pdf), generated with kicad-footprint-generator")
    (tags "resistor handsolder")
    (path /5CB700B7)
    (attr smd)
    (fp_text reference R26 (at 0 -1.43) (layer F.SilkS)
      (effects (font (size 1 1) (thickness 0.15)))
    )
    (fp_text value 330 (at 0 1.43) (layer F.Fab)
      (effects (font (size 1 1) (thickness 0.15)))
    )
    (fp_line (start -0.8 0.4) (end -0.8 -0.4) (layer F.Fab) (width 0.1))
    (fp_line (start -0.8 -0.4) (end 0.8 -0.4) (layer F.Fab) (width 0.1))
    (fp_line (start 0.8 -0.4) (end 0.8 0.4) (layer F.Fab) (width 0.1))
    (fp_line (start 0.8 0.4) (end -0.8 0.4) (layer F.Fab) (width 0.1))
    (fp_line (start -0.171267 -0.51) (end 0.171267 -0.51) (layer F.SilkS) (width 0.12))
    (fp_line (start -0.171267 0.51) (end 0.171267 0.51) (layer F.SilkS) (width 0.12))
    (fp_line (start -1.65 0.73) (end -1.65 -0.73) (layer F.CrtYd) (width 0.05))
    (fp_line (start -1.65 -0.73) (end 1.65 -0.73) (layer F.CrtYd) (width 0.05))
    (fp_line (start 1.65 -0.73) (end 1.65 0.73) (layer F.CrtYd) (width 0.05))
    (fp_line (start 1.65 0.73) (end -1.65 0.73) (layer F.CrtYd) (width 0.05))
    (fp_text user %R (at 0 0) (layer F.Fab)
      (effects (font (size 0.4 0.4) (thickness 0.06)))
    )
    (pad 1 smd roundrect (at -0.875 0) (size 1.05 0.95) (layers F.Cu F.Paste F.Mask) (roundrect_rratio 0.25))
    (pad 2 smd roundrect (at 0.875 0) (size 1.05 0.95) (layers F.Cu F.Paste F.Mask) (roundrect_rratio 0.25))
    (model ${KISYS3DMOD}/Resistor_SMD.3dshapes/R_0603_1608Metric.wrl
      (at (xyz 0 0 0))
      (scale (xyz 1 1 1))
      (rotate (xyz 0 0 0))
    )
  )

  (module Resistor_SMD:R_0603_1608Metric_Pad1.05x0.95mm_HandSolder (layer B.Cu) (tedit 5B301BBD) (tstamp 5E41D2CD)
    (at 162.225 133.91 180)
    (descr "Resistor SMD 0603 (1608 Metric), square (rectangular) end terminal, IPC_7351 nominal with elongated pad for handsoldering. (Body size source: http://www.tortai-tech.com/upload/download/2011102023233369053.pdf), generated with kicad-footprint-generator")
    (tags "resistor handsolder")
    (path /5D466FC4)
    (attr smd)
    (fp_text reference R27 (at 0 1.43 180) (layer B.SilkS)
      (effects (font (size 1 1) (thickness 0.15)) (justify mirror))
    )
    (fp_text value 100k (at 0 -1.43 180) (layer B.Fab)
      (effects (font (size 1 1) (thickness 0.15)) (justify mirror))
    )
    (fp_text user %R (at 0 0 180) (layer B.Fab)
      (effects (font (size 0.4 0.4) (thickness 0.06)) (justify mirror))
    )
    (fp_line (start 1.65 -0.73) (end -1.65 -0.73) (layer B.CrtYd) (width 0.05))
    (fp_line (start 1.65 0.73) (end 1.65 -0.73) (layer B.CrtYd) (width 0.05))
    (fp_line (start -1.65 0.73) (end 1.65 0.73) (layer B.CrtYd) (width 0.05))
    (fp_line (start -1.65 -0.73) (end -1.65 0.73) (layer B.CrtYd) (width 0.05))
    (fp_line (start -0.171267 -0.51) (end 0.171267 -0.51) (layer B.SilkS) (width 0.12))
    (fp_line (start -0.171267 0.51) (end 0.171267 0.51) (layer B.SilkS) (width 0.12))
    (fp_line (start 0.8 -0.4) (end -0.8 -0.4) (layer B.Fab) (width 0.1))
    (fp_line (start 0.8 0.4) (end 0.8 -0.4) (layer B.Fab) (width 0.1))
    (fp_line (start -0.8 0.4) (end 0.8 0.4) (layer B.Fab) (width 0.1))
    (fp_line (start -0.8 -0.4) (end -0.8 0.4) (layer B.Fab) (width 0.1))
    (pad 2 smd roundrect (at 0.875 0 180) (size 1.05 0.95) (layers B.Cu B.Paste B.Mask) (roundrect_rratio 0.25))
    (pad 1 smd roundrect (at -0.875 0 180) (size 1.05 0.95) (layers B.Cu B.Paste B.Mask) (roundrect_rratio 0.25))
    (model ${KISYS3DMOD}/Resistor_SMD.3dshapes/R_0603_1608Metric.wrl
      (at (xyz 0 0 0))
      (scale (xyz 1 1 1))
      (rotate (xyz 0 0 0))
    )
  )

  (module warsztaty:TB6612 (layer F.Cu) (tedit 54130A77) (tstamp 5E41D2A7)
    (at 142.9 135.01 90)
    (descr "24-Lead Plastic Shrink Small Outline (SS)-5.30 mm Body [SSOP] (see Microchip Packaging Specification 00000049BS.pdf)")
    (tags "SSOP 0.65")
    (path /5CA6B39D)
    (attr smd)
    (fp_text reference U13 (at 0 -5.25 90) (layer F.SilkS)
      (effects (font (size 1 1) (thickness 0.15)))
    )
    (fp_text value TB6612 (at 0 5.25 90) (layer F.Fab)
      (effects (font (size 1 1) (thickness 0.15)))
    )
    (fp_line (start -2.875 -4.025) (end -4.475 -4.025) (layer F.SilkS) (width 0.15))
    (fp_line (start -2.875 4.325) (end 2.875 4.325) (layer F.SilkS) (width 0.15))
    (fp_line (start -2.875 -4.325) (end 2.875 -4.325) (layer F.SilkS) (width 0.15))
    (fp_line (start -2.875 4.325) (end -2.875 4.025) (layer F.SilkS) (width 0.15))
    (fp_line (start 2.875 4.325) (end 2.875 4.025) (layer F.SilkS) (width 0.15))
    (fp_line (start 2.875 -4.325) (end 2.875 -4.025) (layer F.SilkS) (width 0.15))
    (fp_line (start -2.875 -4.325) (end -2.875 -4.025) (layer F.SilkS) (width 0.15))
    (fp_line (start -4.75 4.5) (end 4.75 4.5) (layer F.CrtYd) (width 0.05))
    (fp_line (start -4.75 -4.5) (end 4.75 -4.5) (layer F.CrtYd) (width 0.05))
    (fp_line (start 4.75 -4.5) (end 4.75 4.5) (layer F.CrtYd) (width 0.05))
    (fp_line (start -4.75 -4.5) (end -4.75 4.5) (layer F.CrtYd) (width 0.05))
    (pad 24 smd rect (at 3.6 -3.575 90) (size 1.75 0.45) (layers F.Cu F.Paste F.Mask))
    (pad 23 smd rect (at 3.6 -2.925 90) (size 1.75 0.45) (layers F.Cu F.Paste F.Mask))
    (pad 22 smd rect (at 3.6 -2.275 90) (size 1.75 0.45) (layers F.Cu F.Paste F.Mask))
    (pad 21 smd rect (at 3.6 -1.625 90) (size 1.75 0.45) (layers F.Cu F.Paste F.Mask))
    (pad 20 smd rect (at 3.6 -0.975 90) (size 1.75 0.45) (layers F.Cu F.Paste F.Mask))
    (pad 19 smd rect (at 3.6 -0.325 90) (size 1.75 0.45) (layers F.Cu F.Paste F.Mask))
    (pad 18 smd rect (at 3.6 0.325 90) (size 1.75 0.45) (layers F.Cu F.Paste F.Mask))
    (pad 17 smd rect (at 3.6 0.975 90) (size 1.75 0.45) (layers F.Cu F.Paste F.Mask))
    (pad 16 smd rect (at 3.6 1.625 90) (size 1.75 0.45) (layers F.Cu F.Paste F.Mask))
    (pad 15 smd rect (at 3.6 2.275 90) (size 1.75 0.45) (layers F.Cu F.Paste F.Mask))
    (pad 14 smd rect (at 3.6 2.925 90) (size 1.75 0.45) (layers F.Cu F.Paste F.Mask))
    (pad 13 smd rect (at 3.6 3.575 90) (size 1.75 0.45) (layers F.Cu F.Paste F.Mask))
    (pad 12 smd rect (at -3.6 3.575 90) (size 1.75 0.45) (layers F.Cu F.Paste F.Mask))
    (pad 11 smd rect (at -3.6 2.925 90) (size 1.75 0.45) (layers F.Cu F.Paste F.Mask))
    (pad 10 smd rect (at -3.6 2.275 90) (size 1.75 0.45) (layers F.Cu F.Paste F.Mask))
    (pad 9 smd rect (at -3.6 1.625 90) (size 1.75 0.45) (layers F.Cu F.Paste F.Mask))
    (pad 8 smd rect (at -3.6 0.975 90) (size 1.75 0.45) (layers F.Cu F.Paste F.Mask))
    (pad 7 smd rect (at -3.6 0.325 90) (size 1.75 0.45) (layers F.Cu F.Paste F.Mask))
    (pad 6 smd rect (at -3.6 -0.325 90) (size 1.75 0.45) (layers F.Cu F.Paste F.Mask))
    (pad 5 smd rect (at -3.6 -0.975 90) (size 1.75 0.45) (layers F.Cu F.Paste F.Mask))
    (pad 4 smd rect (at -3.6 -1.625 90) (size 1.75 0.45) (layers F.Cu F.Paste F.Mask))
    (pad 3 smd rect (at -3.6 -2.275 90) (size 1.75 0.45) (layers F.Cu F.Paste F.Mask))
    (pad 2 smd rect (at -3.6 -2.925 90) (size 1.75 0.45) (layers F.Cu F.Paste F.Mask))
    (pad 1 smd rect (at -3.6 -3.575 90) (size 1.75 0.45) (layers F.Cu F.Paste F.Mask))
    (model Housings_SSOP.3dshapes/SSOP-24_5.3x8.2mm_Pitch0.65mm.wrl
      (at (xyz 0 0 0))
      (scale (xyz 1 1 1))
      (rotate (xyz 0 0 0))
    )
  )

  (module warsztaty:LM1117_SOT223 (layer B.Cu) (tedit 56250172) (tstamp 5E41D29B)
    (at 145 136.41 180)
    (path /5CBF6791)
    (solder_paste_margin -0.0762)
    (attr smd)
    (fp_text reference U8 (at 0 -5.08 180) (layer B.SilkS)
      (effects (font (size 0.762 0.762) (thickness 0.1524)) (justify mirror))
    )
    (fp_text value LM1117-3.3 (at 0 0 180) (layer B.SilkS) hide
      (effects (font (size 0.762 0.762) (thickness 0.1524)) (justify mirror))
    )
    (fp_line (start -1.8 -3.3) (end -1.8 3.3) (layer B.SilkS) (width 0.2032))
    (fp_line (start 1.8 -3.3) (end -1.8 -3.3) (layer B.SilkS) (width 0.2032))
    (fp_line (start 1.8 3.3) (end 1.8 -3.3) (layer B.SilkS) (width 0.2032))
    (fp_line (start -1.8 3.3) (end 1.8 3.3) (layer B.SilkS) (width 0.2032))
    (fp_circle (center -5 2.3) (end -4.6 2.3) (layer B.SilkS) (width 0.2032))
    (pad 2 smd rect (at 3.1 0 180) (size 2.2 3.5) (layers B.Cu B.Paste B.Mask))
    (pad 1 smd rect (at -3.1 -2.3 180) (size 2.2 1.2) (layers B.Cu B.Paste B.Mask))
    (pad 2 smd rect (at -3.1 0 180) (size 2.2 1.2) (layers B.Cu B.Paste B.Mask))
    (pad 3 smd rect (at -3.1 2.3 180) (size 2.2 1.2) (layers B.Cu B.Paste B.Mask))
  )

  (module Package_QFP:LQFP-32_7x7mm_P0.8mm (layer F.Cu) (tedit 5C1823C9) (tstamp 5E41D251)
    (at 161.3 117.81 180)
    (descr "LQFP, 32 Pin (https://www.nxp.com/docs/en/package-information/SOT358-1.pdf), generated with kicad-footprint-generator ipc_gullwing_generator.py")
    (tags "LQFP QFP")
    (path /5CAF4E37)
    (attr smd)
    (fp_text reference U14 (at 0 -5.88 180) (layer F.SilkS)
      (effects (font (size 1 1) (thickness 0.15)))
    )
    (fp_text value STM32L071KBTx (at 0 5.88 180) (layer F.Fab)
      (effects (font (size 1 1) (thickness 0.15)))
    )
    (fp_text user %R (at 0 0 180) (layer F.Fab)
      (effects (font (size 1 1) (thickness 0.15)))
    )
    (fp_line (start 5.18 3.3) (end 5.18 0) (layer F.CrtYd) (width 0.05))
    (fp_line (start 3.75 3.3) (end 5.18 3.3) (layer F.CrtYd) (width 0.05))
    (fp_line (start 3.75 3.75) (end 3.75 3.3) (layer F.CrtYd) (width 0.05))
    (fp_line (start 3.3 3.75) (end 3.75 3.75) (layer F.CrtYd) (width 0.05))
    (fp_line (start 3.3 5.18) (end 3.3 3.75) (layer F.CrtYd) (width 0.05))
    (fp_line (start 0 5.18) (end 3.3 5.18) (layer F.CrtYd) (width 0.05))
    (fp_line (start -5.18 3.3) (end -5.18 0) (layer F.CrtYd) (width 0.05))
    (fp_line (start -3.75 3.3) (end -5.18 3.3) (layer F.CrtYd) (width 0.05))
    (fp_line (start -3.75 3.75) (end -3.75 3.3) (layer F.CrtYd) (width 0.05))
    (fp_line (start -3.3 3.75) (end -3.75 3.75) (layer F.CrtYd) (width 0.05))
    (fp_line (start -3.3 5.18) (end -3.3 3.75) (layer F.CrtYd) (width 0.05))
    (fp_line (start 0 5.18) (end -3.3 5.18) (layer F.CrtYd) (width 0.05))
    (fp_line (start 5.18 -3.3) (end 5.18 0) (layer F.CrtYd) (width 0.05))
    (fp_line (start 3.75 -3.3) (end 5.18 -3.3) (layer F.CrtYd) (width 0.05))
    (fp_line (start 3.75 -3.75) (end 3.75 -3.3) (layer F.CrtYd) (width 0.05))
    (fp_line (start 3.3 -3.75) (end 3.75 -3.75) (layer F.CrtYd) (width 0.05))
    (fp_line (start 3.3 -5.18) (end 3.3 -3.75) (layer F.CrtYd) (width 0.05))
    (fp_line (start 0 -5.18) (end 3.3 -5.18) (layer F.CrtYd) (width 0.05))
    (fp_line (start -5.18 -3.3) (end -5.18 0) (layer F.CrtYd) (width 0.05))
    (fp_line (start -3.75 -3.3) (end -5.18 -3.3) (layer F.CrtYd) (width 0.05))
    (fp_line (start -3.75 -3.75) (end -3.75 -3.3) (layer F.CrtYd) (width 0.05))
    (fp_line (start -3.3 -3.75) (end -3.75 -3.75) (layer F.CrtYd) (width 0.05))
    (fp_line (start -3.3 -5.18) (end -3.3 -3.75) (layer F.CrtYd) (width 0.05))
    (fp_line (start 0 -5.18) (end -3.3 -5.18) (layer F.CrtYd) (width 0.05))
    (fp_line (start -3.5 -2.5) (end -2.5 -3.5) (layer F.Fab) (width 0.1))
    (fp_line (start -3.5 3.5) (end -3.5 -2.5) (layer F.Fab) (width 0.1))
    (fp_line (start 3.5 3.5) (end -3.5 3.5) (layer F.Fab) (width 0.1))
    (fp_line (start 3.5 -3.5) (end 3.5 3.5) (layer F.Fab) (width 0.1))
    (fp_line (start -2.5 -3.5) (end 3.5 -3.5) (layer F.Fab) (width 0.1))
    (fp_line (start -3.61 -3.31) (end -4.925 -3.31) (layer F.SilkS) (width 0.12))
    (fp_line (start -3.61 -3.61) (end -3.61 -3.31) (layer F.SilkS) (width 0.12))
    (fp_line (start -3.31 -3.61) (end -3.61 -3.61) (layer F.SilkS) (width 0.12))
    (fp_line (start 3.61 -3.61) (end 3.61 -3.31) (layer F.SilkS) (width 0.12))
    (fp_line (start 3.31 -3.61) (end 3.61 -3.61) (layer F.SilkS) (width 0.12))
    (fp_line (start -3.61 3.61) (end -3.61 3.31) (layer F.SilkS) (width 0.12))
    (fp_line (start -3.31 3.61) (end -3.61 3.61) (layer F.SilkS) (width 0.12))
    (fp_line (start 3.61 3.61) (end 3.61 3.31) (layer F.SilkS) (width 0.12))
    (fp_line (start 3.31 3.61) (end 3.61 3.61) (layer F.SilkS) (width 0.12))
    (pad 32 smd roundrect (at -2.8 -4.175 180) (size 0.5 1.5) (layers F.Cu F.Paste F.Mask) (roundrect_rratio 0.25))
    (pad 31 smd roundrect (at -2 -4.175 180) (size 0.5 1.5) (layers F.Cu F.Paste F.Mask) (roundrect_rratio 0.25))
    (pad 30 smd roundrect (at -1.2 -4.175 180) (size 0.5 1.5) (layers F.Cu F.Paste F.Mask) (roundrect_rratio 0.25))
    (pad 29 smd roundrect (at -0.4 -4.175 180) (size 0.5 1.5) (layers F.Cu F.Paste F.Mask) (roundrect_rratio 0.25))
    (pad 28 smd roundrect (at 0.4 -4.175 180) (size 0.5 1.5) (layers F.Cu F.Paste F.Mask) (roundrect_rratio 0.25))
    (pad 27 smd roundrect (at 1.2 -4.175 180) (size 0.5 1.5) (layers F.Cu F.Paste F.Mask) (roundrect_rratio 0.25))
    (pad 26 smd roundrect (at 2 -4.175 180) (size 0.5 1.5) (layers F.Cu F.Paste F.Mask) (roundrect_rratio 0.25))
    (pad 25 smd roundrect (at 2.8 -4.175 180) (size 0.5 1.5) (layers F.Cu F.Paste F.Mask) (roundrect_rratio 0.25))
    (pad 24 smd roundrect (at 4.175 -2.8 180) (size 1.5 0.5) (layers F.Cu F.Paste F.Mask) (roundrect_rratio 0.25))
    (pad 23 smd roundrect (at 4.175 -2 180) (size 1.5 0.5) (layers F.Cu F.Paste F.Mask) (roundrect_rratio 0.25))
    (pad 22 smd roundrect (at 4.175 -1.2 180) (size 1.5 0.5) (layers F.Cu F.Paste F.Mask) (roundrect_rratio 0.25))
    (pad 21 smd roundrect (at 4.175 -0.4 180) (size 1.5 0.5) (layers F.Cu F.Paste F.Mask) (roundrect_rratio 0.25))
    (pad 20 smd roundrect (at 4.175 0.4 180) (size 1.5 0.5) (layers F.Cu F.Paste F.Mask) (roundrect_rratio 0.25))
    (pad 19 smd roundrect (at 4.175 1.2 180) (size 1.5 0.5) (layers F.Cu F.Paste F.Mask) (roundrect_rratio 0.25))
    (pad 18 smd roundrect (at 4.175 2 180) (size 1.5 0.5) (layers F.Cu F.Paste F.Mask) (roundrect_rratio 0.25))
    (pad 17 smd roundrect (at 4.175 2.8 180) (size 1.5 0.5) (layers F.Cu F.Paste F.Mask) (roundrect_rratio 0.25))
    (pad 16 smd roundrect (at 2.8 4.175 180) (size 0.5 1.5) (layers F.Cu F.Paste F.Mask) (roundrect_rratio 0.25))
    (pad 15 smd roundrect (at 2 4.175 180) (size 0.5 1.5) (layers F.Cu F.Paste F.Mask) (roundrect_rratio 0.25))
    (pad 14 smd roundrect (at 1.2 4.175 180) (size 0.5 1.5) (layers F.Cu F.Paste F.Mask) (roundrect_rratio 0.25))
    (pad 13 smd roundrect (at 0.4 4.175 180) (size 0.5 1.5) (layers F.Cu F.Paste F.Mask) (roundrect_rratio 0.25))
    (pad 12 smd roundrect (at -0.4 4.175 180) (size 0.5 1.5) (layers F.Cu F.Paste F.Mask) (roundrect_rratio 0.25))
    (pad 11 smd roundrect (at -1.2 4.175 180) (size 0.5 1.5) (layers F.Cu F.Paste F.Mask) (roundrect_rratio 0.25))
    (pad 10 smd roundrect (at -2 4.175 180) (size 0.5 1.5) (layers F.Cu F.Paste F.Mask) (roundrect_rratio 0.25))
    (pad 9 smd roundrect (at -2.8 4.175 180) (size 0.5 1.5) (layers F.Cu F.Paste F.Mask) (roundrect_rratio 0.25))
    (pad 8 smd roundrect (at -4.175 2.8 180) (size 1.5 0.5) (layers F.Cu F.Paste F.Mask) (roundrect_rratio 0.25))
    (pad 7 smd roundrect (at -4.175 2 180) (size 1.5 0.5) (layers F.Cu F.Paste F.Mask) (roundrect_rratio 0.25))
    (pad 6 smd roundrect (at -4.175 1.2 180) (size 1.5 0.5) (layers F.Cu F.Paste F.Mask) (roundrect_rratio 0.25))
    (pad 5 smd roundrect (at -4.175 0.4 180) (size 1.5 0.5) (layers F.Cu F.Paste F.Mask) (roundrect_rratio 0.25))
    (pad 4 smd roundrect (at -4.175 -0.4 180) (size 1.5 0.5) (layers F.Cu F.Paste F.Mask) (roundrect_rratio 0.25))
    (pad 3 smd roundrect (at -4.175 -1.2 180) (size 1.5 0.5) (layers F.Cu F.Paste F.Mask) (roundrect_rratio 0.25))
    (pad 2 smd roundrect (at -4.175 -2 180) (size 1.5 0.5) (layers F.Cu F.Paste F.Mask) (roundrect_rratio 0.25))
    (pad 1 smd roundrect (at -4.175 -2.8 180) (size 1.5 0.5) (layers F.Cu F.Paste F.Mask) (roundrect_rratio 0.25))
    (model ${KISYS3DMOD}/Package_QFP.3dshapes/LQFP-32_7x7mm_P0.8mm.wrl
      (at (xyz 0 0 0))
      (scale (xyz 1 1 1))
      (rotate (xyz 0 0 0))
    )
  )

  (module Capacitor_SMD:C_0603_1608Metric_Pad1.05x0.95mm_HandSolder (layer B.Cu) (tedit 5B301BBE) (tstamp 5E41D241)
    (at 144.4 127.785 90)
